1
2
4
6
8
12
16
24
32
36
48
64
72
96
128
144
162
216
256
288
324
432
512
576
648
768
972
1024
1152
1296
1536
1944
2048
2304
2592
3072
3888
4096
4374
5184
5832
6144
7776
8192
8748
10368
11664
12288
15552
16384
17496
19683
20736
24576
26244
31104
32768
34992
39366
46656
49152
52488
62208
65536
69984
78732
82944
98304
104976
118098
131072
139968
147456
157464
177147
196608
209952
236196
262144
279936
294912
314928
354294
393216
419904
472392
524288
531441
559872
629856
663552
708588
786432
884736
944784
1048576
1062882
1179648
1259712
1327104
1417176
1594323
1679616
1889568
2097152
2125764
2239488
2519424
2654208
2834352
3145728
3188646
3779136
3981312
4194304
4251528
4718592
5038848
5308416
5668704
6291456
6377292
7558272
7962624
8388608
8503056
9437184
10077696
10616832
11337408
12582912
12754584
14348907
15116544
16777216
17006112
17915904
19131876
20155392
22674816
23887872
25165824
25509168
28697814
31850496
33554432
34012224
35831808
38263752
42467328
43046721
45349632
50331648
51018336
57395628
60466176
67108864
68024448
71663616
76527504
80621568
86093442
90699264
100663296
102036672
107495424
114791256
127401984
134217728
136048896
143327232
153055008
161243136
172186884
181398528
201326592
204073344
214990848
229582512
254803968
268435456
272097792
286654464
306110016
322486272
344373768
362797056
387420489
402653184
408146688
459165024
483729408
516560652
536870912
544195584
603979776
612220032
644972544
688747536
725594112
774840978
816293376
859963392
918330048
967458816
1033121304
1073741824
1146617856
1162261467
1224440064
1289945088
1377495072
1451188224
1549681956
1610612736
1632586752
1836660096
1934917632
2066242608
2147483648
2176782336
2324522934
2415919104
2579890176
2717908992
2754990144
2902376448
3099363912
3265173504
3486784401
3673320192
3869835264
4132485216
4294967296
4353564672
4649045868
4831838208
5159780352
5435817984
5509980288
5804752896
6198727824
6530347008
6973568802
7346640384
7739670528
8264970432
8589934592
8707129344
9298091736
9663676416
10319560704
10460353203
11019960576
11609505792
12397455648
12884901888
13060694016
13947137604
14693280768
16307453952
16529940864
17179869184
17414258688
18596183472
19327352832
20639121408
21743271936
22039921152
23219011584
24794911296
25769803776
26121388032
27894275208
30958682112
31381059609
33059881728
34359738368
34828517376
37192366944
38654705664
41278242816
41841412812
44079842304
46438023168
49589822592
51539607552
52242776064
55788550416
58773123072
62762119218
65229815808
68719476736
69657034752
73383542784
74384733888
78364164096
83682825624
86973087744
92876046336
94143178827
99179645184
103079215104
104485552128
111577100832
117546246144
125524238436
130459631616
137438953472
139314069504
146767085568
148769467776
156728328192
167365651248
173946175488
185752092672
188286357654
198359290368
206158430208
208971104256
223154201664
235092492288
251048476872
260919263232
274877906944
278628139008
282429536481
297538935552
309237645312
330225942528
334731302496
352638738432
371504185344
376572715308
396718580736
417942208512
440301256704
446308403328
470184984576
502096953744
521838526464
549755813888
557256278016
587068342272
595077871104
626913312768
660451885056
669462604992
705277476864
753145430616
782757789696
824633720832
835884417024
847288609443
892616806656
940369969152
1004193907488
1043677052928
1099511627776
1114512556032
1129718145924
1190155742208
1236950581248
1320903770112
1338925209984
1410554953728
1486016741376
1506290861232
1586874322944
1671768834048
1694577218886
1785233613312
1880739938304
1981355655168
2008387814976
2115832430592
2199023255552
2259436291848
2348273369088
2473901162496
2507653251072
2641807540224
2677850419968
2821109907456
2972033482752
3012581722464
3173748645888
3343537668096
3389154437772
3570467226624
3761479876608
3962711310336
4016775629952
4231664861184
4398046511104
4518872583696
4696546738176
4947802324992
5015306502144
5283615080448
5355700839936
5642219814912
5944066965504
6025163444928
6347497291776
6687075336192
6778308875544
7140934453248
7522959753216
7625597484987
8033551259904
8349416423424
8796093022208
8916100448256
9037745167392
9521245937664
9895604649984
10167463313316
10567230160896
11132555231232
11284439629824
11888133931008
12050326889856
12694994583552
13374150672384
13556617751088
14281868906496
15045919506432
15850845241344
16067102519808
16926659444736
17592186044416
17832200896512
18075490334784
19042491875328
19791209299968
20334926626632
21134460321792
22265110462464
22568879259648
23776267862016
24100653779712
25389989167104
26748301344768
27113235502176
28563737812992
30091839012864
30502389939948
32134205039616
33397665693696
35184372088832
35664401793024
36150980669568
38084983750656
39582418599936
40669853253264
42268920643584
44530220924928
45137758519296
47552535724032
48201307559424
50779978334208
52776558133248
53496602689536
54226471004352
57127475625984
61004779879896
63403380965376
66795331387392
67706637778944
70368744177664
71328803586048
72301961339136
76169967501312
79164837199872
81339706506528
84537841287168
89060441849856
90275517038592
95105071448064
96402615118848
